                           1                            2                            3                            4                            5 
              version_number                 initial_mass                    initial_z                    burn_min1                    burn_min2 
                        8845      8.9999999999999997E-002      2.0000000000000000E-002      5.0000000000000000E+001      1.0000000000000000E+003 

                                       1                                        2                                        3                                        4                                        5                                        6 
                            model_number                                 star_age                                star_mass                                    log_L                                 log_Teff                                    log_R 
                                       1                  1.0000000000000000E+002                  8.9999999999999997E-002                 -2.5678105827187587E+000                  3.4710027320984209E+000                 -7.0265191910359470E-001 
                                      50                  4.5497190750010675E+006                  8.9999999999999997E-002                 -2.5906316336212543E+000                  3.4698311035524538E+000                 -7.1171918746290841E-001 
                                      84                  2.2397243694122801E+009                  8.9999999999999997E-002                 -3.2127080802938299E+000                  3.4236534087424104E+000                 -9.3040202117910920E-001 
                                     100                  1.6573151687055964E+010                  8.9999999999999997E-002                 -3.2081214336669879E+000                  3.4245214730660209E+000                 -9.2984482651290890E-001 
                                     150                  6.6573151687055962E+010                  8.9999999999999997E-002                 -3.1917728748073615E+000                  3.4275877049863848E+000                 -9.2780301092382311E-001 
                                     200                  1.1657315168705597E+011                  8.9999999999999997E-002                 -3.1752700268469733E+000                  3.4306659996529012E+000                 -9.2570817627666180E-001 
                                     250                  1.6657315168705597E+011                  8.9999999999999997E-002                 -3.1584711142929480E+000                  3.4337648540144334E+000                 -9.2350642872271327E-001 
                                     300                  2.1657315168705597E+011                  8.9999999999999997E-002                 -3.1412044266504613E+000                  3.4368824393654802E+000                 -9.2110825560356480E-001 
                                     350                  2.6657315168705597E+011                  8.9999999999999997E-002                 -3.1232823981193492E+000                  3.4400008046721702E+000                 -9.1838397195138832E-001 
                                     400                  3.1657315168705597E+011                  8.9999999999999997E-002                 -3.1044708237107419E+000                  3.4431143761021032E+000                 -9.1520532760695061E-001 
                                     450                  3.6657315168705597E+011                  8.9999999999999997E-002                 -3.0846083485913018E+000                  3.4462339096829000E+000                 -9.1151315720882364E-001 
                                     500                  4.1657315168705597E+011                  8.9999999999999997E-002                 -3.0637639718434371E+000                  3.4493595335954521E+000                 -9.0734221665999593E-001 
                                     550                  4.6657315168705597E+011                  8.9999999999999997E-002                 -3.0425712525013475E+000                  3.4524040956001203E+000                 -9.0283498099828774E-001 
                                     600                  5.1657315168705597E+011                  8.9999999999999997E-002                 -3.0220857604338534E+000                  3.4552067634721366E+000                 -8.9819757070857265E-001 
                                     650                  5.6657315168705591E+011                  8.9999999999999997E-002                 -3.0031903453471207E+000                  3.4576523031825177E+000                 -8.9364094258596893E-001 
                                     700                  6.1657315168705798E+011                  8.9999999999999997E-002                 -2.9860038994564753E+000                  3.4598044897544193E+000                 -8.8935209278444938E-001 
                                     750                  6.6657315168706116E+011                  8.9999999999999997E-002                 -2.9704842458865226E+000                  3.4617234131845604E+000                 -8.8543011285975537E-001 
                                     800                  7.1657315168706445E+011                  8.9999999999999997E-002                 -2.9566125406919186E+000                  3.4634278229070685E+000                 -8.8190307970746906E-001 
                                     850                  7.6657315168706775E+011                  8.9999999999999997E-002                 -2.9443186264355417E+000                  3.4649306023633657E+000                 -8.7876168149187506E-001 
                                     900                  8.1657315168707092E+011                  8.9999999999999997E-002                 -2.9334089063378910E+000                  3.4662700348105679E+000                 -8.7598568633745444E-001 
                                     950                  8.6657315168707422E+011                  8.9999999999999997E-002                 -2.9236856023154849E+000                  3.4674817939600864E+000                 -8.7354755262528860E-001 
                                    1000                  9.1657315168707739E+011                  8.9999999999999997E-002                 -2.9149745074710141E+000                  3.4685944216472770E+000                 -8.7141726057743452E-001 
                                    1050                  9.6657315168708069E+011                  8.9999999999999997E-002                 -2.9071315878090269E+000                  3.4696287915335247E+000                 -8.6956454051893639E-001 
                                    1100                  1.0165731516870839E+012                  8.9999999999999997E-002                 -2.9000408154505224E+000                  3.4705993964216635E+000                 -8.6796036411596089E-001 
                                    1150                  1.0665731516870872E+012                  8.9999999999999997E-002                 -2.8935959580509079E+000                  3.4715197407866238E+000                 -8.6657862414607534E-001 
                                    1200                  1.1165731516870903E+012                  8.9999999999999997E-002                 -2.8876906891910057E+000                  3.4724051673066509E+000                 -8.6539684275617768E-001 
                                    1250                  1.1665731516870938E+012                  8.9999999999999997E-002                 -2.8822279042348611E+000                  3.4732701304192322E+000                 -8.6439537650326781E-001 
                                    1300                  1.2165731516870969E+012                  8.9999999999999997E-002                 -2.8771155214461022E+000                  3.4741292146855085E+000                 -8.6355735364144115E-001 
                                    1350                  1.2665731516871001E+012                  8.9999999999999997E-002                 -2.8722646438150945E+000                  3.4749975696282918E+000                 -8.6286862471150461E-001 
                                    1400                  1.3165731516871033E+012                  8.9999999999999997E-002                 -2.8675939516255324E+000                  3.4758895162074275E+000                 -8.6231717177499401E-001 
                                    1450                  1.3665731516871067E+012                  8.9999999999999997E-002                 -2.8630270594172087E+000                  3.4768191511033146E+000                 -8.6189299546260767E-001 
                                    1500                  1.4165731516871099E+012                  8.9999999999999997E-002                 -2.8584923980008625E+000                  3.4778002826193899E+000                 -8.6158792778658377E-001 
                                    1550                  1.4665731516871130E+012                  8.9999999999999997E-002                 -2.8539472228228848E+000                  3.4788394564380019E+000                 -8.6139368783481995E-001 
                                    1600                  1.5165731516871165E+012                  8.9999999999999997E-002                 -2.8493835777081480E+000                  3.4799338957494053E+000                 -8.6130074390025801E-001 
                                    1650                  1.5665731516871196E+012                  8.9999999999999997E-002                 -2.8448220465606795E+000                  3.4810729894816910E+000                 -8.6129816579109508E-001 
                                    1700                  1.6165731516871228E+012                  8.9999999999999997E-002                 -2.8403038326556156E+000                  3.4822401756372536E+000                 -8.6137343114968834E-001 
                                    1750                  1.6665731516871260E+012                  8.9999999999999997E-002                 -2.8358702900403752E+000                  3.4834182591773186E+000                 -8.6151282692219833E-001 
                                    1800                  1.7165731516871294E+012                  8.9999999999999997E-002                 -2.8315639327044106E+000                  3.4845864104280717E+000                 -8.6169595075572236E-001 
                                    1850                  1.7665731516871326E+012                  8.9999999999999997E-002                 -2.8273750705131491E+000                  3.4857354015341651E+000                 -8.6189950187227760E-001 
                                    1900                  1.8165731516871357E+012                  8.9999999999999997E-002                 -2.8232896781227175E+000                  3.4868620364244212E+000                 -8.6211007545757468E-001 
                                    1950                  1.8665731516871392E+012                  8.9999999999999997E-002                 -2.8193302748101172E+000                  3.4879631342589148E+000                 -8.6233256947026138E-001 
                                    2000                  1.9165731516871423E+012                  8.9999999999999997E-002                 -2.8154405697557650E+000                  3.4890570702716213E+000                 -8.6257558896849795E-001 
                                    2050                  1.9665731516871455E+012                  8.9999999999999997E-002                 -2.8115385243309983E+000                  3.4901642241073261E+000                 -8.6283887392752545E-001 
                                    2100                  2.0165731516871487E+012                  8.9999999999999997E-002                 -2.8075043629433405E+000                  3.4913146200366594E+000                 -8.6312258509236228E-001 
                                    2150                  2.0665731516871521E+012                  8.9999999999999997E-002                 -2.8031573523074362E+000                  3.4925561949303114E+000                 -8.6343222956171461E-001 
                                    2200                  2.1165731516871553E+012                  8.9999999999999997E-002                 -2.7982600155688697E+000                  3.4939550636755223E+000                 -8.6378129868285247E-001 
                                    2250                  2.1665731516871584E+012                  8.9999999999999997E-002                 -2.7925759255959144E+000                  3.4955797727436817E+000                 -8.6418867183269399E-001 
                                    2300                  2.2165731516871616E+012                  8.9999999999999997E-002                 -2.7857839647817690E+000                  3.4975282727086623E+000                 -8.6468969135558249E-001 
                                    2350                  2.2665731516871650E+012                  8.9999999999999997E-002                 -2.7775984054900511E+000                  3.4999009328710375E+000                 -8.6534223203447347E-001 
                                    2400                  2.3165731516871685E+012                  8.9999999999999997E-002                 -2.7686033627825299E+000                  3.5025398381312431E+000                 -8.6612252120112465E-001 
                                    2450                  2.3665731516871641E+012                  8.9999999999999997E-002                 -2.7594843174462582E+000                  3.5052438728768855E+000                 -8.6697106802427326E-001 
                                    2500                  2.4165731516871543E+012                  8.9999999999999997E-002                 -2.7506748595902426E+000                  3.5078765599013746E+000                 -8.6783171314524388E-001 
                                    2550                  2.4665731516871445E+012                  8.9999999999999997E-002                 -2.7430801805089740E+000                  3.5101527762882307E+000                 -8.6858680637832164E-001 
                                    2600                  2.5165731516871348E+012                  8.9999999999999997E-002                 -2.7369194005988291E+000                  3.5119846819436771E+000                 -8.6917022773414210E-001 
                                    2650                  2.5665731516871250E+012                  8.9999999999999997E-002                 -2.7318433880217823E+000                  3.5134708875396208E+000                 -8.6960463263750576E-001 
                                    2683                  2.5995731516871187E+012                  8.9999999999999997E-002                 -2.7288707891284396E+000                  3.5143322493655278E+000                 -8.6984105684264912E-001 
                                    2700                  2.6165731516871152E+012                  8.9999999999999997E-002                 -2.7274150150883298E+000                  3.5147530671442011E+000                 -8.6995480537994008E-001 
                                    2750                  2.6665731516871055E+012                  8.9999999999999997E-002                 -2.7232978932009821E+000                  3.5159463380123852E+000                 -8.7028278617263488E-001 
                                    2800                  2.7165731516870957E+012                  8.9999999999999997E-002                 -2.7192327033431134E+000                  3.5171388965448522E+000                 -8.7063530830863423E-001 
                                    2850                  2.7665731516870859E+012                  8.9999999999999997E-002                 -2.7150264040099312E+000                  3.5183951312542083E+000                 -8.7104462806075555E-001 
                                    2900                  2.8165731516870762E+012                  8.9999999999999997E-002                 -2.7107162283946544E+000                  3.5197091002274492E+000                 -8.7151747819960002E-001 
                                    2950                  2.8665731516870664E+012                  8.9999999999999997E-002                 -2.7065841141744036E+000                  3.5210038205461363E+000                 -8.7204086172684825E-001 
                                    3000                  2.9165731516870566E+012                  8.9999999999999997E-002                 -2.7031509406321503E+000                  3.5221357043091692E+000                 -8.7258804248178745E-001 
                                    3050                  2.9665731516870469E+012                  8.9999999999999997E-002                 -2.7006958699342771E+000                  3.5230340222792873E+000                 -8.7315714307308634E-001 
                                    3100                  3.0165731516870376E+012                  8.9999999999999997E-002                 -2.6991846429710065E+000                  3.5237203507881252E+000                 -8.7377418660912631E-001 
                                    3150                  3.0665731516870278E+012                  8.9999999999999997E-002                 -2.6984522353971552E+000                  3.5242537385379675E+000                 -8.7447475832188593E-001 
                                    3200                  3.1165731516870181E+012                  8.9999999999999997E-002                 -2.6983294942757872E+000                  3.5246923116255839E+000                 -8.7529053393643497E-001 
                                    3250                  3.1665731516870083E+012                  8.9999999999999997E-002                 -2.6986545673474702E+000                  3.5250917959093613E+000                 -8.7625203903983029E-001 
                                    3300                  3.2165731516869985E+012                  8.9999999999999997E-002                 -2.6992956243708899E+000                  3.5255020957191570E+000                 -8.7739316717113225E-001 
                                    3350                  3.2665731516869888E+012                  8.9999999999999997E-002                 -2.7001277319413455E+000                  3.5259744764840222E+000                 -8.7875398248609016E-001 
                                    3400                  3.3165731516869790E+012                  8.9999999999999997E-002                 -2.7009538021032999E+000                  3.5265898329498859E+000                 -8.8039773049879655E-001 
                                    3450                  3.3665731516869692E+012                  8.9999999999999997E-002                 -2.7016973166969840E+000                  3.5273924189398405E+000                 -8.8237465977554652E-001 
                                    3500                  3.4165731516869595E+012                  8.9999999999999997E-002                 -2.7024105224405210E+000                  3.5283895285561750E+000                 -8.8472548187998312E-001 
                                    3550                  3.4665731516869497E+012                  8.9999999999999997E-002                 -2.7031959357821043E+000                  3.5295769705355027E+000                 -8.8749307250943155E-001 
                                    3600                  3.5165731516869399E+012                  8.9999999999999997E-002                 -2.7041881470996296E+000                  3.5309412804504894E+000                 -8.9071779799816742E-001 
                                    3650                  3.5665731516869302E+012                  8.9999999999999997E-002                 -2.7055042104212439E+000                  3.5324772366137744E+000                 -8.9444774198554355E-001 
                                    3700                  3.6165731516869204E+012                  8.9999999999999997E-002                 -2.7072158405513567E+000                  3.5341998046418763E+000                 -8.9874869310680527E-001 
                                    3750                  3.6665731516869106E+012                  8.9999999999999997E-002                 -2.7171057333489399E+000                  3.5367019470792953E+000                 -9.0869792438043340E-001 
                                    3800                  3.7165731516869009E+012                  8.9999999999999997E-002                 -2.7143820025753631E+000                  3.5411309164961517E+000                 -9.1619399782735900E-001 
                                    3850                  3.7665731516868911E+012                  8.9999999999999997E-002                 -2.6846409066222674E+000                  3.5506756217887565E+000                 -9.2041286043602011E-001 
                                    3900                  3.8165731516868818E+012                  8.9999999999999997E-002                 -2.6117785129960964E+000                  3.5735035902344703E+000                 -9.2963760051436117E-001 
                                    3950                  3.8665731516868721E+012                  8.9999999999999997E-002                 -2.5083701342391667E+000                  3.6047842446385672E+000                 -9.4049471994409140E-001 
                                    4000                  3.9165731516868623E+012                  8.9999999999999997E-002                 -2.3886810641758087E+000                  3.6625792755972357E+000                 -9.9624024682974888E-001 
                                    4050                  3.9665731516868525E+012                  8.9999999999999997E-002                 -2.4989467137076140E+000                  3.7101508103698189E+000                 -1.1465161411408185E+000 
                                    4100                  4.0165731516868428E+012                  8.9999999999999997E-002                 -2.9697126534950176E+000                  3.6850350465886756E+000                 -1.3316675834722331E+000 
                                    4150                  4.0663331516868330E+012                  8.9999999999999997E-002                 -3.4521849856459368E+000                  3.6106432924359115E+000                 -1.4241202412421645E+000 
                                    4156                  4.0723331516868320E+012                  8.9999999999999997E-002                 -3.5704948740802656E+000                  3.5893591442855062E+000                 -1.4407068891585180E+000 
                                    4200                  4.0838736010613262E+012                  8.9999999999999997E-002                 -5.1050932807819525E+000                  3.2622945486971968E+000                 -1.5538769013327434E+000 
                                    4248                  4.1081371121549927E+012                  8.9999999999999997E-002                 -6.1445082266366926E+000                  3.0075021111867350E+000                 -1.5639994992391899E+000 
